<?xml version="1.0"?>
<opencv_storage>
<rvec type_id="opencv-matrix">
  <rows>3</rows>
  <cols>1</cols>
  <dt>d</dt>
  <data>
    0.79828008628675962 0.15955279422935686 -1.0811793893431614</data></rvec>
<tvec type_id="opencv-matrix">
  <rows>3</rows>
  <cols>1</cols>
  <dt>d</dt>
  <data>
    -1033.9468313160012 1408.0723830290033 949.86744875659713</data></tvec>
</opencv_storage>
