<?xml version="1.0"?>
<opencv_storage>
<rvec type_id="opencv-matrix">
  <rows>3</rows>
  <cols>1</cols>
  <dt>d</dt>
  <data>
    2.2066415454446306 -2.7842682917174297 -0.53646299102279582</data></rvec>
<tvec type_id="opencv-matrix">
  <rows>3</rows>
  <cols>1</cols>
  <dt>d</dt>
  <data>
    -650.44842703705194 1333.9087237491115 881.93907548479729</data></tvec>
</opencv_storage>
