<?xml version="1.0"?>
<opencv_storage>
<rvec type_id="opencv-matrix">
  <rows>3</rows>
  <cols>1</cols>
  <dt>d</dt>
  <data>
    0.75534602784274796 -0.4409573863207652 1.1552467500122514</data></rvec>
<tvec type_id="opencv-matrix">
  <rows>3</rows>
  <cols>1</cols>
  <dt>d</dt>
  <data>
    -867.76362014365918 760.14431488021557 560.88291745065203</data></tvec>
</opencv_storage>
