<?xml version="1.0"?>
<opencv_storage>
<CameraMatrix type_id="opencv-matrix">
  <rows>3</rows>
  <cols>3</cols>
  <dt>d</dt>
  <data>
    71.041230887410237 0. 336.32796865614807 0. 83.68592235271943
    238.17388320194829 0. 0. 1.</data></CameraMatrix>
<DistortionCoeffs type_id="opencv-matrix">
  <rows>1</rows>
  <cols>5</cols>
  <dt>d</dt>
  <data>
    -0.021091662361646678 0.0011863206728005198 0.007226452868325667
    2.7434904561432358e-05 -2.3755204538053224e-05</data></DistortionCoeffs>
<rvec type_id="opencv-matrix">
  <rows>3</rows>
  <cols>1</cols>
  <dt>d</dt>
  <data>
    -0.03027001975932838 -0.10063035269837403 1.5658730279138222</data></rvec>
<tvec type_id="opencv-matrix">
  <rows>3</rows>
  <cols>1</cols>
  <dt>d</dt>
  <data>
    -50.051796000495614 -132.43910700921057 240.4904026378689</data></tvec>
</opencv_storage>
