<?xml version="1.0"?>
<opencv_storage>
<CameraMatrix type_id="opencv-matrix">
  <rows>3</rows>
  <cols>3</cols>
  <dt>d</dt>
  <data>
    8.5664628244438219e+01 0. 3.2148388355528283e+02 0.
    1.5550590699546632e+02 2.4250161168462014e+02 0. 0. 1.</data></CameraMatrix>
<DistortionCoeffs type_id="opencv-matrix">
  <rows>1</rows>
  <cols>5</cols>
  <dt>d</dt>
  <data>
    -2.5641697250218115e-02 1.4800913912519441e-04
    2.9999505107602704e-03 -2.1050095412105999e-03
    -1.0703158466091280e-07</data></DistortionCoeffs>
</opencv_storage>
