<?xml version="1.0"?>
<opencv_storage>
<CameraMatrix type_id="opencv-matrix">
  <rows>3</rows>
  <cols>3</cols>
  <dt>d</dt>
  <data>
    59.278100676941875 0. 319.94764643120766 0. 92.595871433889286
    241.32192825503273 0. 0. 1.</data></CameraMatrix>
<DistortionCoeffs type_id="opencv-matrix">
  <rows>1</rows>
  <cols>5</cols>
  <dt>d</dt>
  <data>
    -0.0029476432861573676 -0.00025119212661577935 0.0030437159712190763
    -7.878803909558394e-05 1.4465829172275146e-06</data></DistortionCoeffs>
<rvec type_id="opencv-matrix">
  <rows>3</rows>
  <cols>1</cols>
  <dt>d</dt>
  <data>
    -0.066592543652767844 -0.16619460727218432 1.5412807330302989</data></rvec>
<tvec type_id="opencv-matrix">
  <rows>3</rows>
  <cols>1</cols>
  <dt>d</dt>
  <data>
    -156.06234887799644 -140.25409170859206 289.87668059706095</data></tvec>
</opencv_storage>
