<?xml version="1.0"?>
<opencv_storage>
<rvec type_id="opencv-matrix">
  <rows>3</rows>
  <cols>1</cols>
  <dt>d</dt>
  <data>
    1.2538153521707436 -1.2392766784169904 1.1598881473641114</data></rvec>
<tvec type_id="opencv-matrix">
  <rows>3</rows>
  <cols>1</cols>
  <dt>d</dt>
  <data>
    -145.33260325503167 1039.4184637004757 6150.2780451500275</data></tvec>
</opencv_storage>
