<?xml version="1.0"?>
<opencv_storage>
<rvec type_id="opencv-matrix">
  <rows>3</rows>
  <cols>1</cols>
  <dt>d</dt>
  <data>
    1.8724853132078034 0.0098446028195399854 -0.0068530004257748691</data></rvec>
<tvec type_id="opencv-matrix">
  <rows>3</rows>
  <cols>1</cols>
  <dt>d</dt>
  <data>
    -198.6892753303562 1308.1437237694836 9222.2326555573472</data></tvec>
</opencv_storage>
