<?xml version="1.0"?>
<opencv_storage>
<CameraMatrix type_id="opencv-matrix">
  <rows>3</rows>
  <cols>3</cols>
  <dt>d</dt>
  <data>
    1256.9455817647936 0. 318.36783182713771 0. 1227.498291041853
    244.28670553832492 0. 0. 1.</data></CameraMatrix>
<DistortionCoeffs type_id="opencv-matrix">
  <rows>1</rows>
  <cols>5</cols>
  <dt>d</dt>
  <data>
    4.4220370344443332 -133.20413814418862 -0.14185113035168906
    0.040571051027614803 1140.1917439435622</data></DistortionCoeffs>
<rvec type_id="opencv-matrix">
  <rows>3</rows>
  <cols>1</cols>
  <dt>d</dt>
  <data>
    0.22297886360128219 -0.26488909362824403 -1.5184442175204607</data></rvec>
<tvec type_id="opencv-matrix">
  <rows>3</rows>
  <cols>1</cols>
  <dt>d</dt>
  <data>
    -127.58537612690314 616.5260198983857 4333.9199635465056</data></tvec>
</opencv_storage>
