<?xml version="1.0"?>
<opencv_storage>
<rvec type_id="opencv-matrix">
  <rows>3</rows>
  <cols>1</cols>
  <dt>d</dt>
  <data>
    1.4446078829893858 -0.68415986261606299 0.7592381827664243</data></rvec>
<tvec type_id="opencv-matrix">
  <rows>3</rows>
  <cols>1</cols>
  <dt>d</dt>
  <data>
    -81.44101651040981 167.78560062900485 1475.2484165438495</data></tvec>
</opencv_storage>
