<?xml version="1.0"?>
<opencv_storage>
<rvec type_id="opencv-matrix">
  <rows>3</rows>
  <cols>1</cols>
  <dt>d</dt>
  <data>
    1.443896399084774 -0.67832835115298562 0.75411165037081185</data></rvec>
<tvec type_id="opencv-matrix">
  <rows>3</rows>
  <cols>1</cols>
  <dt>d</dt>
  <data>
    -81.413386561997356 168.52007369083702 1447.12235893395</data></tvec>
</opencv_storage>
