<?xml version="1.0"?>
<opencv_storage>
<CameraMatrix type_id="opencv-matrix">
  <rows>3</rows>
  <cols>3</cols>
  <dt>d</dt>
  <data>
    206.1207652172468 0. 321.46668395253414 0. 652.71668042962744
    242.49789097705116 0. 0. 1.</data></CameraMatrix>
<DistortionCoeffs type_id="opencv-matrix">
  <rows>1</rows>
  <cols>5</cols>
  <dt>d</dt>
  <data>
    -0.096420858194963405 0.001866007169804949 -0.00046930476077621343
    0.023794745786613659 -9.217230918125428e-06</data></DistortionCoeffs>
<rvec type_id="opencv-matrix">
  <rows>3</rows>
  <cols>1</cols>
  <dt>d</dt>
  <data>
    0.46630294129562133 -1.2138857658195947 1.6360477599400669</data></rvec>
<tvec type_id="opencv-matrix">
  <rows>3</rows>
  <cols>1</cols>
  <dt>d</dt>
  <data>
    109.66702677301107 -38.979607908400183 704.31678719234935</data></tvec>
</opencv_storage>
