<?xml version="1.0"?>
<opencv_storage>
<rvec type_id="opencv-matrix">
  <rows>3</rows>
  <cols>1</cols>
  <dt>d</dt>
  <data>
    0.25211490052988023 2.4642199585791027 -1.759289272845254</data></rvec>
<tvec type_id="opencv-matrix">
  <rows>3</rows>
  <cols>1</cols>
  <dt>d</dt>
  <data>
    -214.59245276246989 2841.5166731313789 4218.1667497906883</data></tvec>
</opencv_storage>
