<?xml version="1.0"?>
<opencv_storage>
<rvec type_id="opencv-matrix">
  <rows>3</rows>
  <cols>1</cols>
  <dt>d</dt>
  <data>
    1.9240111651581862 -0.21963614756780367 0.078234274533812015</data></rvec>
<tvec type_id="opencv-matrix">
  <rows>3</rows>
  <cols>1</cols>
  <dt>d</dt>
  <data>
    -1108.272170357887 2703.0685855749302 4600.8666831663577</data></tvec>
</opencv_storage>
