<?xml version="1.0"?>
<opencv_storage>
<CameraMatrix type_id="opencv-matrix">
  <rows>3</rows>
  <cols>3</cols>
  <dt>d</dt>
  <data>
    5.8563291379140480e+02 0. 5.2235105844831298e+02 0.
    6.3617358960764238e+02 2.7947169748975875e+02 0. 0. 1.</data></CameraMatrix>
<DistortionCoeffs type_id="opencv-matrix">
  <rows>1</rows>
  <cols>5</cols>
  <dt>d</dt>
  <data>
    -2.7302302590357941e-01 4.7665924782593572e-02
    1.0408984284116371e-02 -4.6163113508816918e-02
    -1.6094164323193102e-02</data></DistortionCoeffs>
</opencv_storage>
