<?xml version="1.0"?>
<opencv_storage>
<CameraMatrix type_id="opencv-matrix">
  <rows>3</rows>
  <cols>3</cols>
  <dt>d</dt>
  <data>
    550.59130011849129 0. 307.38121714998726 0. 531.56669310329949
    101.34614964680388 0. 0. 1.</data></CameraMatrix>
<DistortionCoeffs type_id="opencv-matrix">
  <rows>1</rows>
  <cols>5</cols>
  <dt>d</dt>
  <data>
    -0.0075719186010073554 -0.40741135424871944 0.02075815686888827
    0.039345392041951588 0.25376383895278998</data></DistortionCoeffs>
<rvec type_id="opencv-matrix">
  <rows>3</rows>
  <cols>1</cols>
  <dt>d</dt>
  <data>
    0.018245476947476909 -0.30428046890081623 -0.12494946164032436</data></rvec>
<tvec type_id="opencv-matrix">
  <rows>3</rows>
  <cols>1</cols>
  <dt>d</dt>
  <data>
    -555.33011135241804 118.67744428967569 1189.9097810742899</data></tvec>
</opencv_storage>
